      0.00401535		0.99999836+0.00000000j		0.00000037+0.00000000j		0.00000000+0.00000000j		0.00000000+0.00000000j		0.00000118+0.00000000j		0.00000006+0.00000000j		0.00000000+0.00000000j		0.00000000+0.00000000j		0.00000003+0.00000000j
      0.00602302		0.99999343+0.00000000j		0.00000150+0.00000000j		0.00000000+0.00000000j		0.00000000+0.00000000j		0.00000470+0.00000000j		0.00000025+0.00000000j		0.00000000+0.00000000j		0.00000000+0.00000000j		0.00000012+0.00000000j
      0.00803069		0.99998522+0.00000000j		0.00000336+0.00000000j		0.00000000+0.00000000j		0.00000000+0.00000000j		0.00001058+0.00000000j		0.00000056+0.00000000j		0.00000000+0.00000000j		0.00000000+0.00000000j		0.00000028+0.00000000j
      0.01003837		0.99996682+0.00000000j		0.00000756+0.00000000j		0.00000000+0.00000000j		0.00000000+0.00000000j		0.00002377+0.00000000j		0.00000124+0.00000000j		0.00000000+0.00000000j		0.00000000+0.00000000j		0.00000061+0.00000000j
      0.01204604		0.99994100+0.00000000j		0.00001344+0.00000000j		0.00000000+0.00000000j		0.00000000+0.00000000j		0.00004226+0.00000000j		0.00000221+0.00000000j		0.00000000+0.00000000j		0.00000000+0.00000000j		0.00000109+0.00000000j
      0.01405372		0.99989540+0.00000000j		0.00002387+0.00000000j		0.00000000+0.00000000j		0.00000000+0.00000000j		0.00007497+0.00000000j		0.00000387+0.00000000j		0.00000000+0.00000000j		0.00000000+0.00000000j		0.00000189+0.00000000j
      0.01606139		0.99983657+0.00000000j		0.00003727+0.00000000j		0.00000000+0.00000000j		0.00000000+0.00000000j		0.00011712+0.00000000j		0.00000606+0.00000000j		0.00000000+0.00000000j		0.00000000+0.00000000j		0.00000297+0.00000000j
      0.01806906		0.99974542+0.00000000j		0.00005818+0.00000000j		0.00000000+0.00000000j		0.00000000+0.00000000j		0.00018259+0.00000000j		0.00000931+0.00000000j		0.00000000+0.00000000j		0.00000000+0.00000000j		0.00000450+0.00000000j
      0.02007674		0.99963360+0.00000000j		0.00008368+0.00000000j		0.00000000+0.00000000j		0.00000000+0.00000000j		0.00026280+0.00000000j		0.00001343+0.00000000j		0.00000000+0.00000000j		0.00000000+0.00000000j		0.00000649+0.00000000j
      0.02208441		0.99947413+0.00000000j		0.00012034+0.00000000j		0.00000000+0.00000000j		0.00000000+0.00000000j		0.00037750+0.00000000j		0.00001899+0.00000000j		0.00000000+0.00000000j		0.00000000+0.00000000j		0.00000905+0.00000000j
      0.02409208		0.99928492+0.00000000j		0.00016355+0.00000000j		0.00000000+0.00000000j		0.00000000+0.00000000j		0.00051341+0.00000000j		0.00002583+0.00000000j		0.00000000+0.00000000j		0.00000000+0.00000000j		0.00001228+0.00000000j
      0.02609976		0.99903016+0.00000000j		0.00022221+0.00000000j		0.00000000+0.00000000j		0.00000000+0.00000000j		0.00069697+0.00000000j		0.00003450+0.00000000j		0.00000000+0.00000000j		0.00000000+0.00000000j		0.00001615+0.00000000j
      0.02810743		0.99873504+0.00000000j		0.00028969+0.00000000j		0.00000000+0.00000000j		0.00000000+0.00000000j		0.00090935+0.00000000j		0.00004496+0.00000000j		0.00000000+0.00000000j		0.00000000+0.00000000j		0.00002095+0.00000000j
      0.03011511		0.99835416+0.00000000j		0.00037749+0.00000000j		0.00000000+0.00000000j		0.00000000+0.00000000j		0.00118437+0.00000000j		0.00005759+0.00000000j		0.00000000+0.00000000j		0.00000000+0.00000000j		0.00002639+0.00000000j
      0.03212278		0.99792080+0.00000000j		0.00047662+0.00000000j		0.00000000+0.00000000j		0.00000000+0.00000000j		0.00149696+0.00000000j		0.00007260+0.00000000j		0.00000000+0.00000000j		0.00000000+0.00000000j		0.00003302+0.00000000j
      0.03413045		0.99737936+0.00000000j		0.00060145+0.00000000j		0.00000000+0.00000000j		0.00000000+0.00000000j		0.00188891+0.00000000j		0.00009006+0.00000000j		0.00000000+0.00000000j		0.00000000+0.00000000j		0.00004022+0.00000000j
      0.03613813		0.99677202+0.00000000j		0.00074034+0.00000000j		0.00000000+0.00000000j		0.00000000+0.00000000j		0.00232826+0.00000000j		0.00011055+0.00000000j		0.00000000+0.00000000j		0.00000000+0.00000000j		0.00004884+0.00000000j
      0.03814580		0.99603244+0.00000000j		0.00091067+0.00000000j		0.00000000+0.00000000j		0.00000000+0.00000000j		0.00286527+0.00000000j		0.00013370+0.00000000j		0.00000000+0.00000000j		0.00000000+0.00000000j		0.00005791+0.00000000j
      0.04015347		0.99521233+0.00000000j		0.00109793+0.00000000j		0.00000000+0.00000000j		0.00000000+0.00000000j		0.00346057+0.00000000j		0.00016060+0.00000000j		0.00000000+0.00000000j		0.00000000+0.00000000j		0.00006858+0.00000000j
      0.04216115		0.99423429+0.00000000j		0.00132258+0.00000000j		0.00000000+0.00000000j		0.00000000+0.00000000j		0.00417333+0.00000000j		0.00019028+0.00000000j		0.00000000+0.00000000j		0.00000000+0.00000000j		0.00007952+0.00000000j
      0.04416882		0.99316011+0.00000000j		0.00156710+0.00000000j		0.00000000+0.00000000j		0.00000000+0.00000000j		0.00495622+0.00000000j		0.00022444+0.00000000j		0.00000000+0.00000000j		0.00000000+0.00000000j		0.00009214+0.00000000j
      0.04617650		0.99190107+0.00000000j		0.00185496+0.00000000j		0.00000000+0.00000000j		0.00000000+0.00000000j		0.00587774+0.00000000j		0.00026140+0.00000000j		0.00000000+0.00000000j		0.00000000+0.00000000j		0.00010483+0.00000000j
      0.04818417		0.99052949+0.00000000j		0.00216562+0.00000000j		0.00000000+0.00000000j		0.00000000+0.00000000j		0.00688214+0.00000000j		0.00030360+0.00000000j		0.00000000+0.00000000j		0.00000000+0.00000000j		0.00011915+0.00000000j
      0.05019184		0.98894526+0.00000000j		0.00252528+0.00000000j		0.00000000+0.00000000j		0.00000000+0.00000000j		0.00804759+0.00000000j		0.00034854+0.00000000j		0.00000000+0.00000000j		0.00000000+0.00000000j		0.00013333+0.00000000j
      0.05219952		0.98723152+0.00000000j		0.00291058+0.00000000j		0.00000000+0.00000000j		0.00000000+0.00000000j		0.00930952+0.00000000j		0.00039943+0.00000000j		0.00000000+0.00000000j		0.00000000+0.00000000j		0.00014895+0.00000000j
      0.05420719		0.98527688+0.00000000j		0.00334994+0.00000000j		0.00000000+0.00000000j		0.00000000+0.00000000j		0.01075603+0.00000000j		0.00045290+0.00000000j		0.00000000+0.00000000j		0.00000000+0.00000000j		0.00016425+0.00000000j
      0.05621486		0.98317542+0.00000000j		0.00381760+0.00000000j		0.00000000+0.00000000j		0.00000000+0.00000000j		0.01231336+0.00000000j		0.00051299+0.00000000j		0.00000000+0.00000000j		0.00000000+0.00000000j		0.00018062+0.00000000j
      0.05822254		0.98080479+0.00000000j		0.00434343+0.00000000j		0.00000000+0.00000000j		0.00000000+0.00000000j		0.01407984+0.00000000j		0.00057541+0.00000000j		0.00000000+0.00000000j		0.00000000+0.00000000j		0.00019653+0.00000000j
      0.06023021		0.97826996+0.00000000j		0.00489989+0.00000000j		0.00000000+0.00000000j		0.00000000+0.00000000j		0.01597209+0.00000000j		0.00064505+0.00000000j		0.00000000+0.00000000j		0.00000000+0.00000000j		0.00021301+0.00000000j
      0.06223789		0.97543814+0.00000000j		0.00551727+0.00000000j		0.00000000+0.00000000j		0.00000000+0.00000000j		0.01809898+0.00000000j		0.00071667+0.00000000j		0.00000000+0.00000000j		0.00000000+0.00000000j		0.00022894+0.00000000j
      0.06424556		0.97242491+0.00000000j		0.00616720+0.00000000j		0.00000000+0.00000000j		0.00000000+0.00000000j		0.02036707+0.00000000j		0.00079600+0.00000000j		0.00000000+0.00000000j		0.00000000+0.00000000j		0.00024482+0.00000000j
      0.06625323		0.96908790+0.00000000j		0.00687900+0.00000000j		0.00000000+0.00000000j		0.00000000+0.00000000j		0.02289611+0.00000000j		0.00087687+0.00000000j		0.00000000+0.00000000j		0.00000000+0.00000000j		0.00026012+0.00000000j
      0.06826091		0.96555269+0.00000000j		0.00762471+0.00000000j		0.00000000+0.00000000j		0.00000000+0.00000000j		0.02558211+0.00000000j		0.00096578+0.00000000j		0.00000000+0.00000000j		0.00000000+0.00000000j		0.00027470+0.00000000j
      0.07026858		0.96166847+0.00000000j		0.00843104+0.00000000j		0.00000000+0.00000000j		0.00000000+0.00000000j		0.02855604+0.00000000j		0.00105575+0.00000000j		0.00000000+0.00000000j		0.00000000+0.00000000j		0.00028871+0.00000000j
      0.07227625		0.95756999+0.00000000j		0.00927196+0.00000000j		0.00000000+0.00000000j		0.00000000+0.00000000j		0.03170282+0.00000000j		0.00115392+0.00000000j		0.00000000+0.00000000j		0.00000000+0.00000000j		0.00030132+0.00000000j
      0.07428393		0.95309941+0.00000000j		0.01016958+0.00000000j		0.00000000+0.00000000j		0.00000000+0.00000000j		0.03516503+0.00000000j		0.00125257+0.00000000j		0.00000000+0.00000000j		0.00000000+0.00000000j		0.00031341+0.00000000j
      0.07629160		0.94839956+0.00000000j		0.01110165+0.00000000j		0.00000000+0.00000000j		0.00000000+0.00000000j		0.03881589+0.00000000j		0.00135939+0.00000000j		0.00000000+0.00000000j		0.00000000+0.00000000j		0.00032351+0.00000000j
      0.07829928		0.94330723+0.00000000j		0.01208352+0.00000000j		0.00000000+0.00000000j		0.00000000+0.00000000j		0.04281002+0.00000000j		0.00146607+0.00000000j		0.00000000+0.00000000j		0.00000000+0.00000000j		0.00033316+0.00000000j
      0.08030695		0.93797204+0.00000000j		0.01309873+0.00000000j		0.00000000+0.00000000j		0.00000000+0.00000000j		0.04700821+0.00000000j		0.00158066+0.00000000j		0.00000000+0.00000000j		0.00000000+0.00000000j		0.00034036+0.00000000j
      0.08231462		0.93222719+0.00000000j		0.01415355+0.00000000j		0.00000000+0.00000000j		0.00000000+0.00000000j		0.05157762+0.00000000j		0.00169445+0.00000000j		0.00000000+0.00000000j		0.00000000+0.00000000j		0.00034720+0.00000000j
      0.08432230		0.92622776+0.00000000j		0.01523948+0.00000000j		0.00000000+0.00000000j		0.00000000+0.00000000j		0.05636579+0.00000000j		0.00181567+0.00000000j		0.00000000+0.00000000j		0.00000000+0.00000000j		0.00035130+0.00000000j
      0.08632997		0.91980513+0.00000000j		0.01635141+0.00000000j		0.00000000+0.00000000j		0.00000000+0.00000000j		0.06155292+0.00000000j		0.00193538+0.00000000j		0.00000000+0.00000000j		0.00000000+0.00000000j		0.00035515+0.00000000j
      0.08833764		0.91311860+0.00000000j		0.01749095+0.00000000j		0.00000000+0.00000000j		0.00000000+0.00000000j		0.06697245+0.00000000j		0.00206181+0.00000000j		0.00000000+0.00000000j		0.00000000+0.00000000j		0.00035619+0.00000000j
      0.09034532		0.90599929+0.00000000j		0.01863952+0.00000000j		0.00000000+0.00000000j		0.00000000+0.00000000j		0.07281806+0.00000000j		0.00218603+0.00000000j		0.00000000+0.00000000j		0.00000000+0.00000000j		0.00035710+0.00000000j
      0.09235299		0.89860971+0.00000000j		0.01981074+0.00000000j		0.00000000+0.00000000j		0.00000000+0.00000000j		0.07890816+0.00000000j		0.00231602+0.00000000j		0.00000000+0.00000000j		0.00000000+0.00000000j		0.00035536+0.00000000j
      0.09436066		0.89078200+0.00000000j		0.02097092+0.00000000j		0.00000000+0.00000000j		0.00000000+0.00000000j		0.08545037+0.00000000j		0.00244310+0.00000000j		0.00000000+0.00000000j		0.00000000+0.00000000j		0.00035362+0.00000000j
      0.09636834		0.88268123+0.00000000j		0.02214720+0.00000000j		0.00000000+0.00000000j		0.00000000+0.00000000j		0.09224718+0.00000000j		0.00257480+0.00000000j		0.00000000+0.00000000j		0.00000000+0.00000000j		0.00034958+0.00000000j
      0.09837601		0.87414129+0.00000000j		0.02328971+0.00000000j		0.00000000+0.00000000j		0.00000000+0.00000000j		0.09952036+0.00000000j		0.00270294+0.00000000j		0.00000000+0.00000000j		0.00000000+0.00000000j		0.00034569+0.00000000j
      0.10038369		0.86532976+0.00000000j		0.02444010+0.00000000j		0.00000000+0.00000000j		0.00000000+0.00000000j		0.10705572+0.00000000j		0.00283437+0.00000000j		0.00000000+0.00000000j		0.00000000+0.00000000j		0.00034004+0.00000000j
      0.10239136		0.85608233+0.00000000j		0.02553212+0.00000000j		0.00000000+0.00000000j		0.00000000+0.00000000j		0.11508921+0.00000000j		0.00296165+0.00000000j		0.00000000+0.00000000j		0.00000000+0.00000000j		0.00033470+0.00000000j
      0.10439903		0.84656964+0.00000000j		0.02662201+0.00000000j		0.00000000+0.00000000j		0.00000000+0.00000000j		0.12338935+0.00000000j		0.00309075+0.00000000j		0.00000000+0.00000000j		0.00000000+0.00000000j		0.00032824+0.00000000j
      0.10640671		0.83662854+0.00000000j		0.02762802+0.00000000j		0.00000000+0.00000000j		0.00000000+0.00000000j		0.13220596+0.00000000j		0.00321521+0.00000000j		0.00000000+0.00000000j		0.00000000+0.00000000j		0.00032227+0.00000000j
      0.10841438		0.82643396+0.00000000j		0.02862017+0.00000000j		0.00000000+0.00000000j		0.00000000+0.00000000j		0.14129006+0.00000000j		0.00333992+0.00000000j		0.00000000+0.00000000j		0.00000000+0.00000000j		0.00031589+0.00000000j
      0.11042205		0.81582253+0.00000000j		0.02950324+0.00000000j		0.00000000+0.00000000j		0.00000000+0.00000000j		0.15090444+0.00000000j		0.00345963+0.00000000j		0.00000000+0.00000000j		0.00000000+0.00000000j		0.00031016+0.00000000j
      0.11242973		0.80497525+0.00000000j		0.03035908+0.00000000j		0.00000000+0.00000000j		0.00000000+0.00000000j		0.16078294+0.00000000j		0.00357799+0.00000000j		0.00000000+0.00000000j		0.00000000+0.00000000j		0.00030473+0.00000000j
      0.11443740		0.79372658+0.00000000j		0.03108236+0.00000000j		0.00000000+0.00000000j		0.00000000+0.00000000j		0.17119985+0.00000000j		0.00369112+0.00000000j		0.00000000+0.00000000j		0.00000000+0.00000000j		0.00030009+0.00000000j
      0.11644508		0.78226579+0.00000000j		0.03176370+0.00000000j		0.00000000+0.00000000j		0.00000000+0.00000000j		0.18187279+0.00000000j		0.00380133+0.00000000j		0.00000000+0.00000000j		0.00000000+0.00000000j		0.00029639+0.00000000j
      0.11845275		0.77042280+0.00000000j		0.03229213+0.00000000j		0.00000000+0.00000000j		0.00000000+0.00000000j		0.19308525+0.00000000j		0.00390624+0.00000000j		0.00000000+0.00000000j		0.00000000+0.00000000j		0.00029357+0.00000000j
      0.12046042		0.75839748+0.00000000j		0.03276304+0.00000000j		0.00000000+0.00000000j		0.00000000+0.00000000j		0.20454050+0.00000000j		0.00400674+0.00000000j		0.00000000+0.00000000j		0.00000000+0.00000000j		0.00029223+0.00000000j
      0.12246810		0.74601283+0.00000000j		0.03306531+0.00000000j		0.00000000+0.00000000j		0.00000000+0.00000000j		0.21652806+0.00000000j		0.00410204+0.00000000j		0.00000000+0.00000000j		0.00000000+0.00000000j		0.00029177+0.00000000j
      0.12447577		0.73348136+0.00000000j		0.03329431+0.00000000j		0.00000000+0.00000000j		0.00000000+0.00000000j		0.22873960+0.00000000j		0.00419157+0.00000000j		0.00000000+0.00000000j		0.00000000+0.00000000j		0.00029317+0.00000000j
      0.12648344		0.72061711+0.00000000j		0.03334479+0.00000000j		0.00000000+0.00000000j		0.00000000+0.00000000j		0.24146660+0.00000000j		0.00427615+0.00000000j		0.00000000+0.00000000j		0.00000000+0.00000000j		0.00029536+0.00000000j
      0.12849112		0.70764662+0.00000000j		0.03330701+0.00000000j		0.00000000+0.00000000j		0.00000000+0.00000000j		0.25439296+0.00000000j		0.00435376+0.00000000j		0.00000000+0.00000000j		0.00000000+0.00000000j		0.00029964+0.00000000j
      0.13049879		0.69437376+0.00000000j		0.03308780+0.00000000j		0.00000000+0.00000000j		0.00000000+0.00000000j		0.26780711+0.00000000j		0.00442685+0.00000000j		0.00000000+0.00000000j		0.00000000+0.00000000j		0.00030448+0.00000000j
      0.13250647		0.68103933+0.00000000j		0.03276722+0.00000000j		0.00000000+0.00000000j		0.00000000+0.00000000j		0.28139003+0.00000000j		0.00449194+0.00000000j		0.00000000+0.00000000j		0.00000000+0.00000000j		0.00031149+0.00000000j
      0.13451414		0.66743705+0.00000000j		0.03226989+0.00000000j		0.00000000+0.00000000j		0.00000000+0.00000000j		0.29542131+0.00000000j		0.00455305+0.00000000j		0.00000000+0.00000000j		0.00000000+0.00000000j		0.00031870+0.00000000j
      0.13652181		0.65382068+0.00000000j		0.03166128+0.00000000j		0.00000000+0.00000000j		0.00000000+0.00000000j		0.30958469+0.00000000j		0.00460536+0.00000000j		0.00000000+0.00000000j		0.00000000+0.00000000j		0.00032799+0.00000000j
      0.13852949		0.63997551+0.00000000j		0.03088845+0.00000000j		0.00000000+0.00000000j		0.00000000+0.00000000j		0.32414469+0.00000000j		0.00465432+0.00000000j		0.00000000+0.00000000j		0.00000000+0.00000000j		0.00033702+0.00000000j
      0.14053716		0.62616509+0.00000000j		0.02999901+0.00000000j		0.00000000+0.00000000j		0.00000000+0.00000000j		0.33879416+0.00000000j		0.00469386+0.00000000j		0.00000000+0.00000000j		0.00000000+0.00000000j		0.00034788+0.00000000j
      0.14254483		0.61216981+0.00000000j		0.02896547+0.00000000j		0.00000000+0.00000000j		0.00000000+0.00000000j		0.35377599+0.00000000j		0.00473074+0.00000000j		0.00000000+0.00000000j		0.00000000+0.00000000j		0.00035798+0.00000000j
      0.14455251		0.59825795+0.00000000j		0.02781592+0.00000000j		0.00000000+0.00000000j		0.00000000+0.00000000j		0.36879888+0.00000000j		0.00475774+0.00000000j		0.00000000+0.00000000j		0.00000000+0.00000000j		0.00036950+0.00000000j
      0.14656018		0.58421046+0.00000000j		0.02654918+0.00000000j		0.00000000+0.00000000j		0.00000000+0.00000000j		0.38407781+0.00000000j		0.00478280+0.00000000j		0.00000000+0.00000000j		0.00000000+0.00000000j		0.00037976+0.00000000j
      0.14856786		0.57029338+0.00000000j		0.02517412+0.00000000j		0.00000000+0.00000000j		0.00000000+0.00000000j		0.39934396+0.00000000j		0.00479765+0.00000000j		0.00000000+0.00000000j		0.00000000+0.00000000j		0.00039090+0.00000000j
      0.15057553		0.55629542+0.00000000j		0.02371435+0.00000000j		0.00000000+0.00000000j		0.00000000+0.00000000j		0.41477866+0.00000000j		0.00481125+0.00000000j		0.00000000+0.00000000j		0.00000000+0.00000000j		0.00040033+0.00000000j
      0.15258320		0.54247187+0.00000000j		0.02216185+0.00000000j		0.00000000+0.00000000j		0.00000000+0.00000000j		0.43014189+0.00000000j		0.00481437+0.00000000j		0.00000000+0.00000000j		0.00000000+0.00000000j		0.00041001+0.00000000j
      0.15459088		0.52862776+0.00000000j		0.02056115+0.00000000j		0.00000000+0.00000000j		0.00000000+0.00000000j		0.44557656+0.00000000j		0.00481689+0.00000000j		0.00000000+0.00000000j		0.00000000+0.00000000j		0.00041765+0.00000000j
      0.15659855		0.51499804+0.00000000j		0.01889140+0.00000000j		0.00000000+0.00000000j		0.00000000+0.00000000j		0.46087701+0.00000000j		0.00480871+0.00000000j		0.00000000+0.00000000j		0.00000000+0.00000000j		0.00042485+0.00000000j
      0.15860622		0.50141344+0.00000000j		0.01721218+0.00000000j		0.00000000+0.00000000j		0.00000000+0.00000000j		0.47614412+0.00000000j		0.00480045+0.00000000j		0.00000000+0.00000000j		0.00000000+0.00000000j		0.00042982+0.00000000j
      0.16061390		0.48807851+0.00000000j		0.01549528+0.00000000j		0.00000000+0.00000000j		0.00000000+0.00000000j		0.49121131+0.00000000j		0.00478127+0.00000000j		0.00000000+0.00000000j		0.00000000+0.00000000j		0.00043364+0.00000000j
      0.16262157		0.47485916+0.00000000j		0.01380805+0.00000000j		0.00000000+0.00000000j		0.00000000+0.00000000j		0.50613512+0.00000000j		0.00476242+0.00000000j		0.00000000+0.00000000j		0.00000000+0.00000000j		0.00043525+0.00000000j
      0.16462925		0.46191991+0.00000000j		0.01212089+0.00000000j		0.00000000+0.00000000j		0.00000000+0.00000000j		0.52079180+0.00000000j		0.00473237+0.00000000j		0.00000000+0.00000000j		0.00000000+0.00000000j		0.00043503+0.00000000j
      0.16663692		0.44917064+0.00000000j		0.01050124+0.00000000j		0.00000000+0.00000000j		0.00000000+0.00000000j		0.53519241+0.00000000j		0.00470293+0.00000000j		0.00000000+0.00000000j		0.00000000+0.00000000j		0.00043279+0.00000000j
      0.16864459		0.43672719+0.00000000j		0.00892375+0.00000000j		0.00000000+0.00000000j		0.00000000+0.00000000j		0.54925897+0.00000000j		0.00466194+0.00000000j		0.00000000+0.00000000j		0.00000000+0.00000000j		0.00042815+0.00000000j
      0.17065227		0.42455091+0.00000000j		0.00744876+0.00000000j		0.00000000+0.00000000j		0.00000000+0.00000000j		0.56295679+0.00000000j		0.00462169+0.00000000j		0.00000000+0.00000000j		0.00000000+0.00000000j		0.00042184+0.00000000j
      0.17265994		0.41270206+0.00000000j		0.00605957+0.00000000j		0.00000000+0.00000000j		0.00000000+0.00000000j		0.57625618+0.00000000j		0.00456946+0.00000000j		0.00000000+0.00000000j		0.00000000+0.00000000j		0.00041273+0.00000000j
      0.17466761		0.40119898+0.00000000j		0.00480388+0.00000000j		0.00000000+0.00000000j		0.00000000+0.00000000j		0.58907675+0.00000000j		0.00451798+0.00000000j		0.00000000+0.00000000j		0.00000000+0.00000000j		0.00040242+0.00000000j
      0.17667529		0.39004164+0.00000000j		0.00367579+0.00000000j		0.00000000+0.00000000j		0.00000000+0.00000000j		0.60143945+0.00000000j		0.00445402+0.00000000j		0.00000000+0.00000000j		0.00000000+0.00000000j		0.00038911+0.00000000j
      0.17868296		0.37930856+0.00000000j		0.00270730+0.00000000j		0.00000000+0.00000000j		0.00000000+0.00000000j		0.61321830+0.00000000j		0.00439072+0.00000000j		0.00000000+0.00000000j		0.00000000+0.00000000j		0.00037513+0.00000000j
      0.18069063		0.36893716+0.00000000j		0.00190286+0.00000000j		0.00000000+0.00000000j		0.00000000+0.00000000j		0.62448739+0.00000000j		0.00431440+0.00000000j		0.00000000+0.00000000j		0.00000000+0.00000000j		0.00035819+0.00000000j
      0.18269831		0.35906693+0.00000000j		0.00127857+0.00000000j		0.00000000+0.00000000j		0.00000000+0.00000000j		0.63507478+0.00000000j		0.00423858+0.00000000j		0.00000000+0.00000000j		0.00000000+0.00000000j		0.00034114+0.00000000j
      0.18470598		0.34957279+0.00000000j		0.00084600+0.00000000j		0.00000000+0.00000000j		0.00000000+0.00000000j		0.64511053+0.00000000j		0.00414923+0.00000000j		0.00000000+0.00000000j		0.00000000+0.00000000j		0.00032144+0.00000000j
      0.18671366		0.34065366+0.00000000j		0.00060807+0.00000000j		0.00000000+0.00000000j		0.00000000+0.00000000j		0.65437591+0.00000000j		0.00406024+0.00000000j		0.00000000+0.00000000j		0.00000000+0.00000000j		0.00030212+0.00000000j
      0.18872133		0.33212426+0.00000000j		0.00057791+0.00000000j		0.00000000+0.00000000j		0.00000000+0.00000000j		0.66305988+0.00000000j		0.00395727+0.00000000j		0.00000000+0.00000000j		0.00000000+0.00000000j		0.00028068+0.00000000j
      0.19072900		0.32423937+0.00000000j		0.00075036+0.00000000j		0.00000000+0.00000000j		0.00000000+0.00000000j		0.67089568+0.00000000j		0.00385455+0.00000000j		0.00000000+0.00000000j		0.00000000+0.00000000j		0.00026004+0.00000000j
      0.19273668		0.31675744+0.00000000j		0.00113306+0.00000000j		0.00000000+0.00000000j		0.00000000+0.00000000j		0.67813392+0.00000000j		0.00373760+0.00000000j		0.00000000+0.00000000j		0.00000000+0.00000000j		0.00023798+0.00000000j
      0.19474435		0.30998405+0.00000000j		0.00171931+0.00000000j		0.00000000+0.00000000j		0.00000000+0.00000000j		0.68445866+0.00000000j		0.00362094+0.00000000j		0.00000000+0.00000000j		0.00000000+0.00000000j		0.00021705+0.00000000j
      0.19675202		0.30362655+0.00000000j		0.00250401+0.00000000j		0.00000000+0.00000000j		0.00000000+0.00000000j		0.69018394+0.00000000j		0.00349002+0.00000000j		0.00000000+0.00000000j		0.00000000+0.00000000j		0.00019548+0.00000000j
      0.19875970		0.29803525+0.00000000j		0.00348559+0.00000000j		0.00000000+0.00000000j		0.00000000+0.00000000j		0.69494427+0.00000000j		0.00335965+0.00000000j		0.00000000+0.00000000j		0.00000000+0.00000000j		0.00017525+0.00000000j
      0.20076737		0.29287212+0.00000000j		0.00464013+0.00000000j		0.00000000+0.00000000j		0.00000000+0.00000000j		0.69911725+0.00000000j		0.00321533+0.00000000j		0.00000000+0.00000000j		0.00000000+0.00000000j		0.00015517+0.00000000j
      0.20277505		0.28852581+0.00000000j		0.00597663+0.00000000j		0.00000000+0.00000000j		0.00000000+0.00000000j		0.70228895+0.00000000j		0.00307210+0.00000000j		0.00000000+0.00000000j		0.00000000+0.00000000j		0.00013652+0.00000000j
      0.20478272		0.28461862+0.00000000j		0.00744884+0.00000000j		0.00000000+0.00000000j		0.00000000+0.00000000j		0.70489817+0.00000000j		0.00291564+0.00000000j		0.00000000+0.00000000j		0.00000000+0.00000000j		0.00011873+0.00000000j
      0.20679039		0.28157128+0.00000000j		0.00907936+0.00000000j		0.00000000+0.00000000j		0.00000000+0.00000000j		0.70648585+0.00000000j		0.00276113+0.00000000j		0.00000000+0.00000000j		0.00000000+0.00000000j		0.00010237+0.00000000j
      0.20879807		0.27897169+0.00000000j		0.01079960+0.00000000j		0.00000000+0.00000000j		0.00000000+0.00000000j		0.70754671+0.00000000j		0.00259459+0.00000000j		0.00000000+0.00000000j		0.00000000+0.00000000j		0.00008741+0.00000000j
      0.21080574		0.27726706+0.00000000j		0.01264559+0.00000000j		0.00000000+0.00000000j		0.00000000+0.00000000j		0.70758234+0.00000000j		0.00243122+0.00000000j		0.00000000+0.00000000j		0.00000000+0.00000000j		0.00007378+0.00000000j
      0.21281341		0.27601526+0.00000000j		0.01453031+0.00000000j		0.00000000+0.00000000j		0.00000000+0.00000000j		0.70713501+0.00000000j		0.00225751+0.00000000j		0.00000000+0.00000000j		0.00000000+0.00000000j		0.00006191+0.00000000j
      0.21482109		0.27568531+0.00000000j		0.01649964+0.00000000j		0.00000000+0.00000000j		0.00000000+0.00000000j		0.70567529+0.00000000j		0.00208855+0.00000000j		0.00000000+0.00000000j		0.00000000+0.00000000j		0.00005121+0.00000000j
      0.21682876		0.27580844+0.00000000j		0.01845584+0.00000000j		0.00000000+0.00000000j		0.00000000+0.00000000j		0.70378191+0.00000000j		0.00191144+0.00000000j		0.00000000+0.00000000j		0.00000000+0.00000000j		0.00004237+0.00000000j
      0.21883644		0.27687189+0.00000000j		0.02044803+0.00000000j		0.00000000+0.00000000j		0.00000000+0.00000000j		0.70090457+0.00000000j		0.00174099+0.00000000j		0.00000000+0.00000000j		0.00000000+0.00000000j		0.00003453+0.00000000j
      0.22084411		0.27838255+0.00000000j		0.02237823+0.00000000j		0.00000000+0.00000000j		0.00000000+0.00000000j		0.69764569+0.00000000j		0.00156506+0.00000000j		0.00000000+0.00000000j		0.00000000+0.00000000j		0.00002848+0.00000000j
      0.22285178		0.28084339+0.00000000j		0.02429029+0.00000000j		0.00000000+0.00000000j		0.00000000+0.00000000j		0.69344520+0.00000000j		0.00139791+0.00000000j		0.00000000+0.00000000j		0.00000000+0.00000000j		0.00002321+0.00000000j
      0.22485946		0.28373837+0.00000000j		0.02609790+0.00000000j		0.00000000+0.00000000j		0.00000000+0.00000000j		0.68891583+0.00000000j		0.00122838+0.00000000j		0.00000000+0.00000000j		0.00000000+0.00000000j		0.00001952+0.00000000j
      0.22686713		0.28758464+0.00000000j		0.02783048+0.00000000j		0.00000000+0.00000000j		0.00000000+0.00000000j		0.68349855+0.00000000j		0.00106989+0.00000000j		0.00000000+0.00000000j		0.00000000+0.00000000j		0.00001643+0.00000000j
      0.22887480		0.29184394+0.00000000j		0.02942502+0.00000000j		0.00000000+0.00000000j		0.00000000+0.00000000j		0.67780395+0.00000000j		0.00091244+0.00000000j		0.00000000+0.00000000j		0.00000000+0.00000000j		0.00001466+0.00000000j
      0.23088248		0.29704672+0.00000000j		0.03088839+0.00000000j		0.00000000+0.00000000j		0.00000000+0.00000000j		0.67128327+0.00000000j		0.00076829+0.00000000j		0.00000000+0.00000000j		0.00000000+0.00000000j		0.00001334+0.00000000j
      0.23289015		0.30263296+0.00000000j		0.03219047+0.00000000j		0.00000000+0.00000000j		0.00000000+0.00000000j		0.66453470+0.00000000j		0.00062881+0.00000000j		0.00000000+0.00000000j		0.00000000+0.00000000j		0.00001307+0.00000000j
      0.23489783		0.30914584+0.00000000j		0.03330983+0.00000000j		0.00000000+0.00000000j		0.00000000+0.00000000j		0.65702639+0.00000000j		0.00050474+0.00000000j		0.00000000+0.00000000j		0.00000000+0.00000000j		0.00001320+0.00000000j
      0.23690550		0.31600417+0.00000000j		0.03425545+0.00000000j		0.00000000+0.00000000j		0.00000000+0.00000000j		0.64933713+0.00000000j		0.00038905+0.00000000j		0.00000000+0.00000000j		0.00000000+0.00000000j		0.00001420+0.00000000j
      0.23891317		0.32376321+0.00000000j		0.03497528+0.00000000j		0.00000000+0.00000000j		0.00000000+0.00000000j		0.64095525+0.00000000j		0.00029060+0.00000000j		0.00000000+0.00000000j		0.00000000+0.00000000j		0.00001566+0.00000000j
      0.24092085		0.33182175+0.00000000j		0.03551926+0.00000000j		0.00000000+0.00000000j		0.00000000+0.00000000j		0.63243689+0.00000000j		0.00020418+0.00000000j		0.00000000+0.00000000j		0.00000000+0.00000000j		0.00001792+0.00000000j
      0.24292852		0.34074598+0.00000000j		0.03580630+0.00000000j		0.00000000+0.00000000j		0.00000000+0.00000000j		0.62329045+0.00000000j		0.00013643+0.00000000j		0.00000000+0.00000000j		0.00000000+0.00000000j		0.00002085+0.00000000j
      0.24493619		0.34991678+0.00000000j		0.03592455+0.00000000j		0.00000000+0.00000000j		0.00000000+0.00000000j		0.61404988+0.00000000j		0.00008415+0.00000000j		0.00000000+0.00000000j		0.00000000+0.00000000j		0.00002464+0.00000000j
      0.24694387		0.35990937+0.00000000j		0.03576930+0.00000000j		0.00000000+0.00000000j		0.00000000+0.00000000j		0.60424045+0.00000000j		0.00005147+0.00000000j		0.00000000+0.00000000j		0.00000000+0.00000000j		0.00002942+0.00000000j
      0.24895154		0.37008994+0.00000000j		0.03545992+0.00000000j		0.00000000+0.00000000j		0.00000000+0.00000000j		0.59437751+0.00000000j		0.00003737+0.00000000j		0.00000000+0.00000000j		0.00000000+0.00000000j		0.00003526+0.00000000j
      0.25095922		0.38103996+0.00000000j		0.03487654+0.00000000j		0.00000000+0.00000000j		0.00000000+0.00000000j		0.58399776+0.00000000j		0.00004322+0.00000000j		0.00000000+0.00000000j		0.00000000+0.00000000j		0.00004252+0.00000000j
      0.25296689		0.39211521+0.00000000j		0.03415959+0.00000000j		0.00000000+0.00000000j		0.00000000+0.00000000j		0.57360371+0.00000000j		0.00007035+0.00000000j		0.00000000+0.00000000j		0.00000000+0.00000000j		0.00005113+0.00000000j
      0.25497456		0.40389991+0.00000000j		0.03318434+0.00000000j		0.00000000+0.00000000j		0.00000000+0.00000000j		0.56273693+0.00000000j		0.00011718+0.00000000j		0.00000000+0.00000000j		0.00000000+0.00000000j		0.00006165+0.00000000j
      0.25698224		0.41574457+0.00000000j		0.03210031+0.00000000j		0.00000000+0.00000000j		0.00000000+0.00000000j		0.55189381+0.00000000j		0.00018748+0.00000000j		0.00000000+0.00000000j		0.00000000+0.00000000j		0.00007382+0.00000000j
      0.25898991		0.42823212+0.00000000j		0.03078864+0.00000000j		0.00000000+0.00000000j		0.00000000+0.00000000j		0.54061423+0.00000000j		0.00027661+0.00000000j		0.00000000+0.00000000j		0.00000000+0.00000000j		0.00008840+0.00000000j
      0.26099758		0.44071341+0.00000000j		0.02939583+0.00000000j		0.00000000+0.00000000j		0.00000000+0.00000000j		0.52939497+0.00000000j		0.00039088+0.00000000j		0.00000000+0.00000000j		0.00000000+0.00000000j		0.00010491+0.00000000j
      0.26300526		0.45376600+0.00000000j		0.02781847+0.00000000j		0.00000000+0.00000000j		0.00000000+0.00000000j		0.51776879+0.00000000j		0.00052252+0.00000000j		0.00000000+0.00000000j		0.00000000+0.00000000j		0.00012422+0.00000000j
      0.26501293		0.46674651+0.00000000j		0.02618930+0.00000000j		0.00000000+0.00000000j		0.00000000+0.00000000j		0.50623811+0.00000000j		0.00068040+0.00000000j		0.00000000+0.00000000j		0.00000000+0.00000000j		0.00014568+0.00000000j
      0.26702060		0.48022354+0.00000000j		0.02442764+0.00000000j		0.00000000+0.00000000j		0.00000000+0.00000000j		0.49432501+0.00000000j		0.00085367+0.00000000j		0.00000000+0.00000000j		0.00000000+0.00000000j		0.00017013+0.00000000j
      0.26902828		0.49356420+0.00000000j		0.02264437+0.00000000j		0.00000000+0.00000000j		0.00000000+0.00000000j		0.48254089+0.00000000j		0.00105370+0.00000000j		0.00000000+0.00000000j		0.00000000+0.00000000j		0.00019684+0.00000000j
      0.27103595		0.50732551+0.00000000j		0.02078552+0.00000000j		0.00000000+0.00000000j		0.00000000+0.00000000j		0.47039579+0.00000000j		0.00126668+0.00000000j		0.00000000+0.00000000j		0.00000000+0.00000000j		0.00022649+0.00000000j
      0.27304363		0.52088853+0.00000000j		0.01893542+0.00000000j		0.00000000+0.00000000j		0.00000000+0.00000000j		0.45841124+0.00000000j		0.00150642+0.00000000j		0.00000000+0.00000000j		0.00000000+0.00000000j		0.00025839+0.00000000j
      0.27505130		0.53479740+0.00000000j		0.01706729+0.00000000j		0.00000000+0.00000000j		0.00000000+0.00000000j		0.44608621+0.00000000j		0.00175627+0.00000000j		0.00000000+0.00000000j		0.00000000+0.00000000j		0.00029283+0.00000000j
      0.27705897		0.54844908+0.00000000j		0.01523784+0.00000000j		0.00000000+0.00000000j		0.00000000+0.00000000j		0.43395133+0.00000000j		0.00203234+0.00000000j		0.00000000+0.00000000j		0.00000000+0.00000000j		0.00032940+0.00000000j
      0.27906665		0.56237492+0.00000000j		0.01344453+0.00000000j		0.00000000+0.00000000j		0.00000000+0.00000000j		0.42149735+0.00000000j		0.00231539+0.00000000j		0.00000000+0.00000000j		0.00000000+0.00000000j		0.00036781+0.00000000j
      0.28107432		0.57598822+0.00000000j		0.01171877+0.00000000j		0.00000000+0.00000000j		0.00000000+0.00000000j		0.40926126+0.00000000j		0.00262365+0.00000000j		0.00000000+0.00000000j		0.00000000+0.00000000j		0.00040811+0.00000000j
      0.28308199		0.58980887+0.00000000j		0.01007660+0.00000000j		0.00000000+0.00000000j		0.00000000+0.00000000j		0.39672978+0.00000000j		0.00293552+0.00000000j		0.00000000+0.00000000j		0.00000000+0.00000000j		0.00044922+0.00000000j
      0.28508967		0.60326563+0.00000000j		0.00852899+0.00000000j		0.00000000+0.00000000j		0.00000000+0.00000000j		0.38444230+0.00000000j		0.00327114+0.00000000j		0.00000000+0.00000000j		0.00000000+0.00000000j		0.00049193+0.00000000j
      0.28709734		0.61686916+0.00000000j		0.00710330+0.00000000j		0.00000000+0.00000000j		0.00000000+0.00000000j		0.37188645+0.00000000j		0.00360689+0.00000000j		0.00000000+0.00000000j		0.00000000+0.00000000j		0.00053419+0.00000000j
      0.28910502		0.63006193+0.00000000j		0.00579639+0.00000000j		0.00000000+0.00000000j		0.00000000+0.00000000j		0.35959950+0.00000000j		0.00396449+0.00000000j		0.00000000+0.00000000j		0.00000000+0.00000000j		0.00057769+0.00000000j
      0.29111269		0.64334794+0.00000000j		0.00463916+0.00000000j		0.00000000+0.00000000j		0.00000000+0.00000000j		0.34707487+0.00000000j		0.00431867+0.00000000j		0.00000000+0.00000000j		0.00000000+0.00000000j		0.00061937+0.00000000j
      0.29312036		0.65618137+0.00000000j		0.00362111+0.00000000j		0.00000000+0.00000000j		0.00000000+0.00000000j		0.33484319+0.00000000j		0.00469243+0.00000000j		0.00000000+0.00000000j		0.00000000+0.00000000j		0.00066189+0.00000000j
      0.29512804		0.66906177+0.00000000j		0.00276958+0.00000000j		0.00000000+0.00000000j		0.00000000+0.00000000j		0.32240817+0.00000000j		0.00505927+0.00000000j		0.00000000+0.00000000j		0.00000000+0.00000000j		0.00070122+0.00000000j
      0.29713571		0.68145351+0.00000000j		0.00207275+0.00000000j		0.00000000+0.00000000j		0.00000000+0.00000000j		0.31028969+0.00000000j		0.00544307+0.00000000j		0.00000000+0.00000000j		0.00000000+0.00000000j		0.00074098+0.00000000j
      0.29914338		0.69385293+0.00000000j		0.00154890+0.00000000j		0.00000000+0.00000000j		0.00000000+0.00000000j		0.29800534+0.00000000j		0.00581652+0.00000000j		0.00000000+0.00000000j		0.00000000+0.00000000j		0.00077631+0.00000000j
      0.30115106		0.70573404+0.00000000j		0.00118940+0.00000000j		0.00000000+0.00000000j		0.00000000+0.00000000j		0.28606087+0.00000000j		0.00620402+0.00000000j		0.00000000+0.00000000j		0.00000000+0.00000000j		0.00081166+0.00000000j
      0.30315873		0.71758982+0.00000000j		0.00100027+0.00000000j		0.00000000+0.00000000j		0.00000000+0.00000000j		0.27399035+0.00000000j		0.00657794+0.00000000j		0.00000000+0.00000000j		0.00000000+0.00000000j		0.00084162+0.00000000j
      0.30516641		0.72890471+0.00000000j		0.00097852+0.00000000j		0.00000000+0.00000000j		0.00000000+0.00000000j		0.26228283+0.00000000j		0.00696275+0.00000000j		0.00000000+0.00000000j		0.00000000+0.00000000j		0.00087118+0.00000000j
      0.30717408		0.74016660+0.00000000j		0.00111722+0.00000000j		0.00000000+0.00000000j		0.00000000+0.00000000j		0.25049047+0.00000000j		0.00733098+0.00000000j		0.00000000+0.00000000j		0.00000000+0.00000000j		0.00089473+0.00000000j
      0.30918175		0.75087265+0.00000000j		0.00141928+0.00000000j		0.00000000+0.00000000j		0.00000000+0.00000000j		0.23908386+0.00000000j		0.00770674+0.00000000j		0.00000000+0.00000000j		0.00000000+0.00000000j		0.00091747+0.00000000j
      0.31118943		0.76150223+0.00000000j		0.00186657+0.00000000j		0.00000000+0.00000000j		0.00000000+0.00000000j		0.22763394+0.00000000j		0.00806325+0.00000000j		0.00000000+0.00000000j		0.00000000+0.00000000j		0.00093402+0.00000000j
      0.31319710		0.77156898+0.00000000j		0.00246621+0.00000000j		0.00000000+0.00000000j		0.00000000+0.00000000j		0.21659170+0.00000000j		0.00842379+0.00000000j		0.00000000+0.00000000j		0.00000000+0.00000000j		0.00094932+0.00000000j
      0.31520477		0.78153900+0.00000000j		0.00319253+0.00000000j		0.00000000+0.00000000j		0.00000000+0.00000000j		0.20554699+0.00000000j		0.00876280+0.00000000j		0.00000000+0.00000000j		0.00000000+0.00000000j		0.00095869+0.00000000j
      0.31721245		0.79094717+0.00000000j		0.00405363+0.00000000j		0.00000000+0.00000000j		0.00000000+0.00000000j		0.19493055+0.00000000j		0.00910224+0.00000000j		0.00000000+0.00000000j		0.00000000+0.00000000j		0.00096641+0.00000000j
      0.31922012		0.80024065+0.00000000j		0.00502142+0.00000000j		0.00000000+0.00000000j		0.00000000+0.00000000j		0.18435077+0.00000000j		0.00941833+0.00000000j		0.00000000+0.00000000j		0.00000000+0.00000000j		0.00096882+0.00000000j
      0.32122780		0.80898099+0.00000000j		0.00610075+0.00000000j		0.00000000+0.00000000j		0.00000000+0.00000000j		0.17421783+0.00000000j		0.00973121+0.00000000j		0.00000000+0.00000000j		0.00000000+0.00000000j		0.00096922+0.00000000j
      0.32323547		0.81759034+0.00000000j		0.00726682+0.00000000j		0.00000000+0.00000000j		0.00000000+0.00000000j		0.16415810+0.00000000j		0.01001947+0.00000000j		0.00000000+0.00000000j		0.00000000+0.00000000j		0.00096527+0.00000000j
      0.32524314		0.82566236+0.00000000j		0.00851676+0.00000000j		0.00000000+0.00000000j		0.00000000+0.00000000j		0.15456104+0.00000000j		0.01030086+0.00000000j		0.00000000+0.00000000j		0.00000000+0.00000000j		0.00095897+0.00000000j
      0.32725082		0.83358837+0.00000000j		0.00983474+0.00000000j		0.00000000+0.00000000j		0.00000000+0.00000000j		0.14507041+0.00000000j		0.01055697+0.00000000j		0.00000000+0.00000000j		0.00000000+0.00000000j		0.00094951+0.00000000j
      0.32925849		0.84099913+0.00000000j		0.01120597+0.00000000j		0.00000000+0.00000000j		0.00000000+0.00000000j		0.13605489+0.00000000j		0.01080257+0.00000000j		0.00000000+0.00000000j		0.00000000+0.00000000j		0.00093744+0.00000000j
      0.33126616		0.84824999+0.00000000j		0.01262855+0.00000000j		0.00000000+0.00000000j		0.00000000+0.00000000j		0.12717507+0.00000000j		0.01102290+0.00000000j		0.00000000+0.00000000j		0.00000000+0.00000000j		0.00092349+0.00000000j
      0.33327384		0.85501290+0.00000000j		0.01407243+0.00000000j		0.00000000+0.00000000j		0.00000000+0.00000000j		0.11877880+0.00000000j		0.01122911+0.00000000j		0.00000000+0.00000000j		0.00000000+0.00000000j		0.00090676+0.00000000j
      0.33528151		0.86160324+0.00000000j		0.01555346+0.00000000j		0.00000000+0.00000000j		0.00000000+0.00000000j		0.11054308+0.00000000j		0.01141078+0.00000000j		0.00000000+0.00000000j		0.00000000+0.00000000j		0.00088943+0.00000000j
      0.33728918		0.86773695+0.00000000j		0.01702405+0.00000000j		0.00000000+0.00000000j		0.00000000+0.00000000j		0.10279497+0.00000000j		0.01157481+0.00000000j		0.00000000+0.00000000j		0.00000000+0.00000000j		0.00086923+0.00000000j
      0.33929686		0.87368685+0.00000000j		0.01852026+0.00000000j		0.00000000+0.00000000j		0.00000000+0.00000000j		0.09522751+0.00000000j		0.01171575+0.00000000j		0.00000000+0.00000000j		0.00000000+0.00000000j		0.00084962+0.00000000j
      0.34130453		0.87921425+0.00000000j		0.01997594+0.00000000j		0.00000000+0.00000000j		0.00000000+0.00000000j		0.08814704+0.00000000j		0.01183564+0.00000000j		0.00000000+0.00000000j		0.00000000+0.00000000j		0.00082713+0.00000000j
      0.34331221		0.88454836+0.00000000j		0.02144835+0.00000000j		0.00000000+0.00000000j		0.00000000+0.00000000j		0.08126241+0.00000000j		0.01193464+0.00000000j		0.00000000+0.00000000j		0.00000000+0.00000000j		0.00080624+0.00000000j
      0.34531988		0.88949571+0.00000000j		0.02285303+0.00000000j		0.00000000+0.00000000j		0.00000000+0.00000000j		0.07485940+0.00000000j		0.01200931+0.00000000j		0.00000000+0.00000000j		0.00000000+0.00000000j		0.00078255+0.00000000j
